1.000000000000000000e+00,6.489721239279628850e-01,6.754956914281182723e-01,6.890730433631299112e-01,7.311573940508181435e-01,7.393634334275545061e-01,7.818526428243544046e-01,5.507926520672695725e-01,6.390876269988305935e-01,7.854321518150965131e-01,6.084348827907255508e-01,6.334918693672315637e-01,7.248942554351076595e-01,5.978051040751093392e-01,8.715909024219914425e-01,6.467724652088782111e-01,4.116012779898092777e-01,5.988976375649374129e-01,7.793545844499917274e-01,7.202619764319231344e-01,5.673945767795613992e-01,6.604231316651457684e-01,6.757779868495320530e-01,6.738387349962092765e-01,6.193664070735642735e-01,5.181498961044719298e-01,6.372996088220831412e-01,8.164563824168736828e-01,6.806724446525173056e-01,6.725977254769234248e-01,4.925569090618217016e-01,7.252139957023938655e-01,8.281868323189426340e-01,8.171060688333244837e-01,6.872139938321124575e-01,4.521208814331145742e-01,7.198834471941302215e-01,5.472139306709382645e-01,8.048053755129471742e-01,6.113838293384575850e-01,6.873555070737591421e-01,7.111762879237620849e-01,8.168445048416148602e-01,5.998822180119014469e-01,5.130824192100126302e-01,5.152149897794431332e-01,7.964624799184959469e-01,7.182005291976124584e-01,6.382517488009193940e-01,6.374533115768612479e-01,7.179891410548784325e-01,5.442367461075053869e-01,8.077883793822765446e-01,5.989807319492350679e-01,6.727273014053268829e-01,3.496489499721603389e-01,6.305845206406169856e-01,4.451757944358673558e-01,7.245643095705083248e-01,6.918055175854030958e-01,3.158766790002281999e-01,7.241199890617022739e-01,2.423756188882374429e-01,7.321091560840697898e-01,2.967956326561669300e-01,2.962861786909293249e-01,3.309575742838603007e-01,4.351458369974447460e-01,3.062343589789591758e-01,5.912662461836905026e-01,2.692099345097867524e-01,4.707720745829797604e-01,4.095223307653225175e-01,2.652915347937636059e-01,4.098384751602524023e-01,6.574076455684239040e-01,6.509761246213477959e-01,2.718370601295748146e-01,7.487011470673541336e-01,4.186862567208278763e-01,6.918459978237562202e-01,3.457214251411841466e-01,3.869716141926554664e-01,7.502449924880151277e-01,6.738147166729459014e-01,7.161667572220371536e-01,3.421076679555462574e-01,3.744503660734586070e-01,3.576400503934491493e-01,4.254003352505127400e-01,3.462578658339847126e-01,5.088595351296097968e-01,6.878248137099848281e-01,3.325160260924955313e-01,2.746337739580684834e-01,2.956374031484965692e-01,6.600014505623879035e-01,2.757515270918918238e-01,5.788967255226504793e-01,6.563907742683342539e-01
6.489721239279628850e-01,1.000000000000000000e+00,5.133250887431063392e-01,5.498694336024373408e-01,5.370607669370457415e-01,5.967612329312248498e-01,5.889795807793606341e-01,5.097280964121223557e-01,5.755211498128861569e-01,6.411773791369821396e-01,5.067914870108466419e-01,5.095015804567786244e-01,6.013475581720604257e-01,5.708587026901591477e-01,5.955752072921475238e-01,5.496668973639795563e-01,3.782425642265917487e-01,4.886429526107451404e-01,5.890261661153302075e-01,6.213275005059404332e-01,4.508406145960471845e-01,5.194844593027493351e-01,5.934824730597381137e-01,5.479446944847616852e-01,5.450254253993325193e-01,4.614561472735743686e-01,5.695692120594043617e-01,6.152602539269991233e-01,5.150663134908538554e-01,5.757109990523998633e-01,3.810948635328971767e-01,5.482694703699693139e-01,6.463945341837460390e-01,6.637956583395080434e-01,5.820245181188570260e-01,3.574555766454475259e-01,5.220338942648277136e-01,4.090079628048678417e-01,6.187762819891950983e-01,4.762368461058989477e-01,5.988880943792634914e-01,5.510823202375134677e-01,6.157945660984148750e-01,4.227246960386659702e-01,4.796107549891910349e-01,4.508334292470587701e-01,6.536722476905199031e-01,5.689587298270277760e-01,5.297605382547536657e-01,4.966387681511865160e-01,5.806958485045835561e-01,4.457223266582434618e-01,6.423463625441813152e-01,5.229442130884370821e-01,5.127271042976878634e-01,2.865638106279259634e-01,5.062975245444554240e-01,4.013753849278349217e-01,6.018278766936218105e-01,5.113699830388790391e-01,2.860402160628269241e-01,5.909255700471292005e-01,2.120997622423122786e-01,5.962614915560038309e-01,2.457741684861977083e-01,2.783770097436212287e-01,3.125623405221127360e-01,4.021426399111350247e-01,2.129010464762122745e-01,4.490567307447801415e-01,2.353823807189860118e-01,3.960896579062637701e-01,3.650139118375185232e-01,2.397666148238574158e-01,3.449161108026655431e-01,5.002920334200778862e-01,5.574711380857598764e-01,2.320920034518686448e-01,6.398749458284240799e-01,3.494450574216066419e-01,5.245571474898769182e-01,2.916342935606975328e-01,3.876727265285553337e-01,6.121781119180391695e-01,5.772285941649593077e-01,5.939063175380490112e-01,3.000526230045409415e-01,3.361044867170622230e-01,2.746100149570382953e-01,3.484412938139523352e-01,2.708910050999210339e-01,4.079807165759311571e-01,5.244589261257285306e-01,2.952766191626154391e-01,2.210512473165268388e-01,2.371208112973257343e-01,5.562085766156558142e-01,1.790813576692143194e-01,4.833722068557965157e-01,5.360357521142641302e-01
6.754956914281182723e-01,5.133250887431063392e-01,1.000000000000000000e+00,5.591371491377650216e-01,5.601725717630090529e-01,5.397128097703527416e-01,6.296035077527898371e-01,4.064042224063368347e-01,5.554007869252103324e-01,6.441861928370372636e-01,5.044618427029372576e-01,5.063486436637946175e-01,5.865922376343220002e-01,4.775781069347646013e-01,6.553488983547646196e-01,5.181501577684551885e-01,3.610057186895494485e-01,4.791064877732613136e-01,5.861976572430330767e-01,5.772810666286332104e-01,4.484272409162204931e-01,5.826836168201730004e-01,5.786422632042139691e-01,5.804312233486946804e-01,5.197061952259754980e-01,4.490314096828200152e-01,5.170513506417486749e-01,5.747678968503870944e-01,5.099526643981328045e-01,5.599822574910084949e-01,4.099200964142016290e-01,5.652059010383747584e-01,6.606995284831698179e-01,6.723905842665581778e-01,5.669585867989676009e-01,3.024577791902475776e-01,5.852291590319983472e-01,4.805177446577906797e-01,6.082185799797605874e-01,4.695887074601866606e-01,5.528654713481885308e-01,5.627598907256768923e-01,5.755311499602601133e-01,5.326650484289031651e-01,4.038049568843906645e-01,4.440831713070536590e-01,6.229198084730720453e-01,6.175247718507836936e-01,5.269377578314774491e-01,4.917288010084095995e-01,5.525257520718223070e-01,4.508367548237354194e-01,6.644793787471542368e-01,5.297336457855008618e-01,5.565796823124248283e-01,2.822835001982515468e-01,5.306933119709764668e-01,3.644573021192840656e-01,5.585546695174238296e-01,5.040169400568069724e-01,2.484378909923426193e-01,5.427171395060600423e-01,1.675879067722042259e-01,6.059669505629073916e-01,2.330381224712640142e-01,2.493413062613172027e-01,2.719404262802045946e-01,3.602304139317870080e-01,1.880190178417361635e-01,4.683239975048661963e-01,1.841908897691726388e-01,3.429095644553509792e-01,3.223407307062047256e-01,2.073212650464898998e-01,3.252410821499435167e-01,5.211239365294080272e-01,5.397372033704750383e-01,2.279531579423978993e-01,6.016538258512068582e-01,3.177083860733090348e-01,5.513564586197919892e-01,2.729484425179460327e-01,3.003791626665643366e-01,6.348125966721502866e-01,5.278326538264561663e-01,5.693483222153867818e-01,2.468874732670583716e-01,2.926355613890259666e-01,2.942230995512676306e-01,3.162331775522326249e-01,2.683308847883140169e-01,4.221610348416053871e-01,5.284564778086754400e-01,2.614988879307788006e-01,1.875223878617720830e-01,2.344945306219031467e-01,5.423231346783434770e-01,1.614858894399187339e-01,4.639490402556945003e-01,5.504655431597343940e-01
6.890730433631299112e-01,5.498694336024373408e-01,5.591371491377650216e-01,1.000000000000000000e+00,5.706318312422125061e-01,5.663194171631483753e-01,5.945121610440581295e-01,4.279947732288706397e-01,5.411882881500990061e-01,6.210886353249638336e-01,4.883793139705193131e-01,5.988368496707130451e-01,5.619459515216707057e-01,6.227467652036048351e-01,6.274627655997264686e-01,4.972563434263287951e-01,3.801461017043111235e-01,4.548532074137247028e-01,6.642876321106672144e-01,5.675481238719942700e-01,4.616006891906931919e-01,5.316046965112083411e-01,5.966096522948745040e-01,5.430206400082100426e-01,4.961045350640140295e-01,4.556425482396725402e-01,4.740657708698827744e-01,5.880136779552953552e-01,6.276044124849647909e-01,5.388072030294902559e-01,3.735861874546670403e-01,5.408354585940627901e-01,6.033716774979619446e-01,7.158834966753618856e-01,5.334346850958600061e-01,3.172375088241256580e-01,5.564104890888914579e-01,5.450563215136691175e-01,5.571183421748957532e-01,5.225774979137669529e-01,5.045340363254945393e-01,5.630878347829085806e-01,5.881328204096162304e-01,4.178386661772452437e-01,4.796276635713323522e-01,4.185909447877858014e-01,6.164265314449053346e-01,5.575691561742719404e-01,5.193506339755712409e-01,6.040309624014330581e-01,5.743302429943388798e-01,4.910156158288577766e-01,6.368100417354494169e-01,5.236969899337969858e-01,6.522491101565430771e-01,3.369126963480345571e-01,5.568404947934869620e-01,3.345916912347158823e-01,5.659571261211300275e-01,5.456212399155130344e-01,2.827477578976918537e-01,5.525285767442834617e-01,2.594956699940370592e-01,5.809333651471969562e-01,2.340216985884338019e-01,2.528320147913937777e-01,2.985223114957790691e-01,3.993462429433304872e-01,2.466078972537931735e-01,5.224254145076339118e-01,2.225498821974657981e-01,3.554364738335129004e-01,3.052890144075703360e-01,2.325576774022669324e-01,3.507357747772804624e-01,5.852121963133439797e-01,4.890717788575688618e-01,2.311875600258159469e-01,6.283125386941370571e-01,3.332373472233026157e-01,5.648038431798656500e-01,3.309898423123177058e-01,3.038441351105780064e-01,5.832499148934483513e-01,5.139951640503765962e-01,6.440895025572397348e-01,3.036445561858674980e-01,3.465241275856030811e-01,2.691942581709384497e-01,3.434464380294275365e-01,2.738422652124501422e-01,4.148551462767875453e-01,5.520875352488409105e-01,2.778962642270556005e-01,2.598346834762647606e-01,2.765925861913837158e-01,5.571701800756666545e-01,1.909998771559955899e-01,4.833756832636830203e-01,4.964107946386585035e-01
7.311573940508181435e-01,5.370607669370457415e-01,5.601725717630090529e-01,5.706318312422125061e-01,1.000000000000000000e+00,6.103256555826782614e-01,6.768028375002744790e-01,4.839143469354635352e-01,5.405933845263679594e-01,6.442747546800264846e-01,5.828873133485579228e-01,5.388470145925290389e-01,6.197786929104874831e-01,4.963291297096500965e-01,6.945449352950595623e-01,5.813412211112808370e-01,3.422280248965912652e-01,4.871982788951019216e-01,6.039215338973160652e-01,6.032048780967070867e-01,4.887298942929453882e-01,5.423152845481721274e-01,5.743860719805992110e-01,5.957390752792095512e-01,5.309271832356413645e-01,4.601839344160793543e-01,5.348305473598297111e-01,6.352776268121558267e-01,6.423815360262092877e-01,5.852786551559414630e-01,4.134444407225013607e-01,6.153158396562763421e-01,6.811954922675129698e-01,6.876600559892674935e-01,7.031609079911750326e-01,3.778422529411180619e-01,6.457378916387086498e-01,4.600750787862082913e-01,6.200030540366573417e-01,5.122602294980180826e-01,5.741221276299829368e-01,6.295978370404223812e-01,6.361482331239965982e-01,5.007876270374310712e-01,5.009515890840097185e-01,4.555559505327906877e-01,6.784515008898422961e-01,6.371195079265911110e-01,5.717893269325522443e-01,5.422752409596672818e-01,6.460495933403831437e-01,4.484751155179020898e-01,6.811967403937955190e-01,5.241141808218778841e-01,5.729529881834931615e-01,3.633899712312770869e-01,5.287303172699747700e-01,3.861434433640099639e-01,6.382506412921302719e-01,5.434501700563458826e-01,2.736215909162472704e-01,6.027188213004237571e-01,1.917001270951247949e-01,6.450836774550671171e-01,2.536632993199797736e-01,2.415183120980330389e-01,2.722326989695301180e-01,3.434327087827743208e-01,2.719018312531910619e-01,5.174435087901323449e-01,2.188054726096996527e-01,3.948859682606516430e-01,3.453576043981866350e-01,2.279080462506613836e-01,3.291361222540508114e-01,5.992284576684393516e-01,5.500357695939369629e-01,2.634888408876728261e-01,6.513941384151592517e-01,3.547543094008862030e-01,5.649439091779785427e-01,2.709401732907438243e-01,3.612156819191997270e-01,6.444582876799577198e-01,6.048998504645974883e-01,6.078030489267415293e-01,2.749794998741020291e-01,3.332184266895270586e-01,2.939912014731907997e-01,3.757465801119198590e-01,2.858296505145603850e-01,4.753168016502704596e-01,5.751790704549061273e-01,2.794355087502502499e-01,2.600804886777644542e-01,2.804144316986886820e-01,5.889042863792403049e-01,2.444392952224909155e-01,5.410925285381099625e-01,5.877446829741320711e-01
7.393634334275545061e-01,5.967612329312248498e-01,5.397128097703527416e-01,5.663194171631483753e-01,6.103256555826782614e-01,1.000000000000000000e+00,6.504713951526640558e-01,4.933233459813650690e-01,5.680330949965720633e-01,6.785186296365679492e-01,5.724639624249434622e-01,5.543146506413261232e-01,6.689765054459463345e-01,5.085053037473389326e-01,6.621011164808912053e-01,5.456408529326433055e-01,3.399274543499906653e-01,5.199012539343309536e-01,6.410353412066137624e-01,6.290302642524958632e-01,5.326358784845949268e-01,5.612778934973136069e-01,6.063149724895477988e-01,6.113552798017816148e-01,5.396946602342147514e-01,4.395339078901248642e-01,6.022616118422634557e-01,6.770612135056469638e-01,5.904552099322039060e-01,5.808343796118011770e-01,4.377238609980011463e-01,6.240479643155101286e-01,7.021436846060910009e-01,6.900678755567265510e-01,5.734228014449143096e-01,3.975704759167281166e-01,6.135623503360296827e-01,4.867482204119911171e-01,6.467755699250309354e-01,5.415544204611385526e-01,5.989422579108528710e-01,6.288148863309753756e-01,6.767690725053442380e-01,5.113257511423002777e-01,4.595712444043592582e-01,4.668925295329749425e-01,7.187009434622282367e-01,6.369661853062656975e-01,5.519605977941508534e-01,5.459697652505601795e-01,5.852378699084934688e-01,4.482932228931285068e-01,7.050874736301336876e-01,5.193998118546382381e-01,5.723864101615334654e-01,3.114530391830886424e-01,5.247162194135395197e-01,4.114056206816311123e-01,6.340551933908528115e-01,5.447187227553385025e-01,2.971320099917970081e-01,9.537152364074649169e-01,2.306087695638255330e-01,6.651239404674154088e-01,2.644207234418920471e-01,2.593572521467052416e-01,2.866170202036751880e-01,3.965679495206942962e-01,2.650363946984820585e-01,5.075093615185045648e-01,3.013166690606644549e-01,4.266818991017750085e-01,3.929469621730942719e-01,2.498712868580519053e-01,3.842925508019214287e-01,5.710922647690119813e-01,5.536721776268033191e-01,2.442619029402398612e-01,6.452893561450998572e-01,3.760649418102386399e-01,5.954945108640278262e-01,2.992763052256183776e-01,3.548282224035880228e-01,6.915738740521507610e-01,5.732033442272296275e-01,6.277994302558580486e-01,3.025037175070443562e-01,3.471247868522532309e-01,3.310746483750675040e-01,3.909832374113090814e-01,3.073720609918742519e-01,4.410687659005368966e-01,6.025720138803868364e-01,3.053832652013632187e-01,2.888135291457137876e-01,2.833647474469091487e-01,5.591359989401408770e-01,2.325295309238719355e-01,4.756383960781034870e-01,5.747822468713688071e-01
7.818526428243544046e-01,5.889795807793606341e-01,6.296035077527898371e-01,5.945121610440581295e-01,6.768028375002744790e-01,6.504713951526640558e-01,1.000000000000000000e+00,4.921361508714867106e-01,6.116405664699061662e-01,7.034995347382533293e-01,5.567553077092471936e-01,5.684740108596344488e-01,6.988211827156225464e-01,5.198271785289702018e-01,6.989971252983546712e-01,5.631413166885921306e-01,3.757793751196527587e-01,5.813106627074262622e-01,6.609744835891252501e-01,6.932456913757029104e-01,4.962464215924372035e-01,6.115057467627105225e-01,6.052907645655600799e-01,6.423058067338744959e-01,5.834036019426134256e-01,4.718985127863357665e-01,6.241855960237436829e-01,6.987754943390468432e-01,5.991343578357589683e-01,6.596042261720815869e-01,5.073405807077403518e-01,6.645186846323501983e-01,7.414763177979605269e-01,7.269149347819263696e-01,6.439681121074305459e-01,4.057621589372322202e-01,6.865306770441733653e-01,4.891263413282654904e-01,7.100551876831616704e-01,5.864905662659656294e-01,6.083443202228133728e-01,6.709692766388224427e-01,6.987256130852219638e-01,5.405128715409182050e-01,4.616834148202079158e-01,4.738516429190139378e-01,7.122248294988359207e-01,6.842646612160057096e-01,6.453111497164721877e-01,5.512045739417436030e-01,6.393676000995535125e-01,5.112901962445673965e-01,7.562247767043898117e-01,5.793321260015884544e-01,6.189164362060801672e-01,3.150915268862009011e-01,6.015407479702082894e-01,4.178544534090277152e-01,6.439849788461555757e-01,5.645087420527099553e-01,2.590891914714250621e-01,6.385475967073035442e-01,2.493002229583270446e-01,6.504602805029706669e-01,2.338186127535003545e-01,2.861092852799468900e-01,2.570217934220010436e-01,4.069859636763276112e-01,2.511537784531955864e-01,5.698850876977790136e-01,2.216961646568069710e-01,3.884574820353018931e-01,3.549856748030182918e-01,2.148256664751550804e-01,3.503930824259834931e-01,6.044572457743773164e-01,5.796511013155896119e-01,2.446807515263461630e-01,7.012354819495438818e-01,3.516512800023767205e-01,6.110428559379457170e-01,2.774195909099327895e-01,3.575292123298617897e-01,7.080452380914059596e-01,6.304142912236868623e-01,6.353874675270725358e-01,2.619557188965085381e-01,3.227730214588160895e-01,3.046832059559994588e-01,3.637130611390659296e-01,2.663187827379210892e-01,4.703084964711494731e-01,6.299285586918177415e-01,2.688667256960144969e-01,2.392666272400431338e-01,2.614373246033597220e-01,6.045081372396051700e-01,2.159321467739393208e-01,5.312565850948742785e-01,5.957402343523445776e-01
5.507926520672695725e-01,5.097280964121223557e-01,4.064042224063368347e-01,4.279947732288706397e-01,4.839143469354635352e-01,4.933233459813650690e-01,4.921361508714867106e-01,1.000000000000000000e+00,4.988038276085782208e-01,5.017397631887078324e-01,4.109264688369732577e-01,3.837497509208097068e-01,5.075153792108793027e-01,4.126156652659961344e-01,5.608103649769320409e-01,4.279672902645575427e-01,2.302872360778978333e-01,3.672889542978863830e-01,4.971965428579702140e-01,5.021254871676906761e-01,3.784085046373877881e-01,4.075062016260399544e-01,4.387168166587953055e-01,4.499945695734261508e-01,4.516607784572446160e-01,3.416090813061776199e-01,4.241031742702590646e-01,5.157426357766258240e-01,4.914062170324464685e-01,4.649561123271289675e-01,3.436341784227484042e-01,4.618414510168342701e-01,5.433046943577507504e-01,5.339955783314926929e-01,4.703199159418431918e-01,2.992369386082892047e-01,4.255241650890788097e-01,3.822738936688231393e-01,4.949217717283010964e-01,4.204054156393935426e-01,4.072641589185223010e-01,4.683476445827089996e-01,5.122787956074494886e-01,3.645644896575841454e-01,3.240126738515612392e-01,3.145239439628007561e-01,5.343010947237804009e-01,4.456539604240002395e-01,4.471102619225786889e-01,4.376084462504341022e-01,4.979773770079798934e-01,3.784451480619436259e-01,5.549280573876270717e-01,4.420789661693978467e-01,4.213138915644952798e-01,2.751882654715360754e-01,3.905874011116474143e-01,3.275272127250151710e-01,4.760810694668479170e-01,4.670103660311697991e-01,2.233568848578169896e-01,4.706902087178808647e-01,1.465725612861285831e-01,4.654689946163318992e-01,2.052136098387065122e-01,2.095324269615256862e-01,2.565478809409237337e-01,2.640103616542489040e-01,1.873404527710280654e-01,3.934043751112688558e-01,1.993692750173723383e-01,3.698071641319201075e-01,3.301950696345765657e-01,1.838751548573269723e-01,3.129492397345659538e-01,4.474756318742300620e-01,4.758418706585543223e-01,2.162001801275667545e-01,5.098708921242696146e-01,3.172048139121432797e-01,4.421478207690694440e-01,2.527864083895329239e-01,3.073594267490659671e-01,5.269985339857607975e-01,4.748467466543485616e-01,4.873787588353476474e-01,2.659375263627782315e-01,2.965530325720068805e-01,2.509794091974040242e-01,2.858084501214583906e-01,2.341341739811123590e-01,3.184012515334093685e-01,4.783798213411649125e-01,2.321666372172458137e-01,2.246435705960642681e-01,2.018561764795256952e-01,4.456186700968770009e-01,1.998065448650720999e-01,4.130354445650007422e-01,4.753192852892889064e-01
6.390876269988305935e-01,5.755211498128861569e-01,5.554007869252103324e-01,5.411882881500990061e-01,5.405933845263679594e-01,5.680330949965720633e-01,6.116405664699061662e-01,4.988038276085782208e-01,1.000000000000000000e+00,5.925821249448063321e-01,5.107021576084230796e-01,5.043676738851057273e-01,6.629671332434651232e-01,4.830643008773792269e-01,5.724749799569951447e-01,5.073363712671058456e-01,3.888712646665717365e-01,4.584877764055858007e-01,6.091548907636445964e-01,6.456307152681012296e-01,6.119039717485105223e-01,5.493847654032489869e-01,5.965724946489204816e-01,5.319541237080778195e-01,5.162094610274168272e-01,4.061510643247228658e-01,5.456947658902512321e-01,5.750694485716415505e-01,5.214532129280982087e-01,5.719202733863277821e-01,4.007711176293495825e-01,6.207025852945359246e-01,6.519275036237474064e-01,6.606125659246629978e-01,5.628840434229356315e-01,3.030383179414262718e-01,5.745489772106716631e-01,4.420492377847035081e-01,5.636515642453501229e-01,5.228730149251813453e-01,5.178724667940510784e-01,5.620346098263226953e-01,5.702087235410128185e-01,4.716735810705616205e-01,4.269968792781176359e-01,4.451229147804967590e-01,6.322546130805083431e-01,5.589532735563426114e-01,5.310628993591055558e-01,5.319897257334794682e-01,5.301412008577797152e-01,4.680735933622855449e-01,6.416251579826993678e-01,5.074037371129803686e-01,5.278528458856494021e-01,2.917798454218814563e-01,4.982159838846533240e-01,3.535924636430112233e-01,5.891507120375043538e-01,4.615057513618620044e-01,2.769477639306999195e-01,5.562220040348128114e-01,1.941533450015278384e-01,5.862330589242560341e-01,2.681252545946593568e-01,3.130919713220998157e-01,3.035347075820247209e-01,3.858205799738322894e-01,2.373650304402734890e-01,5.037699884543020978e-01,2.266418349415187661e-01,3.930866012608272841e-01,4.009032979183939638e-01,2.478990152638260169e-01,3.696363765626759501e-01,5.211151390151244067e-01,5.306760156515205606e-01,2.844321091960612113e-01,6.161958679593152466e-01,3.531332627478086517e-01,5.498174874245752575e-01,3.109992428768117434e-01,3.552138652053448697e-01,6.245088390136038781e-01,5.149448305062325204e-01,5.561085431914273292e-01,2.940629639257866246e-01,3.147875936793836926e-01,3.048910561328562752e-01,3.587345299251227804e-01,2.974059852845860052e-01,4.016975018847418477e-01,5.499753202293381493e-01,2.869221037862795254e-01,2.035385593679618910e-01,2.552636008087806330e-01,5.431696919722118766e-01,2.137497231591500568e-01,4.468950185320733071e-01,5.046514844516544196e-01
7.854321518150965131e-01,6.411773791369821396e-01,6.441861928370372636e-01,6.210886353249638336e-01,6.442747546800264846e-01,6.785186296365679492e-01,7.034995347382533293e-01,5.017397631887078324e-01,5.925821249448063321e-01,1.000000000000000000e+00,5.955673871962945398e-01,6.720522692479530269e-01,7.189654227006591070e-01,5.221361742085605107e-01,7.259185016055355044e-01,6.434165790757256920e-01,3.776887856456284109e-01,5.558862861167603864e-01,6.799664621039521739e-01,6.867215680086075080e-01,5.147789495188902498e-01,6.115870540397498889e-01,6.607512835168237730e-01,7.347465797307806135e-01,5.978206630824710599e-01,4.969869293740584726e-01,6.256865557869795147e-01,7.153503975436115159e-01,5.766820777973792334e-01,6.423311442948901329e-01,4.301045035374992942e-01,6.985516580145377796e-01,7.804083614759345089e-01,7.870600538422611869e-01,6.373154470930134652e-01,4.859034162073692653e-01,6.574911511987004964e-01,5.165447653921265703e-01,7.033023201320542928e-01,5.799445724613668807e-01,6.136101163839112749e-01,7.045124671310998288e-01,7.166874001356821067e-01,5.644685809603332549e-01,4.960645145080500029e-01,5.556237531237201432e-01,7.870617388536392811e-01,6.933823853342337973e-01,6.025156005398999426e-01,5.773913519610494038e-01,6.867354343637658287e-01,5.160608255264829136e-01,7.452431734798006246e-01,5.808364957120462080e-01,6.281121438365880882e-01,3.104099292184657188e-01,6.306438475128518517e-01,4.592042337277162933e-01,6.544389258014580157e-01,5.670882195056613506e-01,3.152526502030902344e-01,6.701924783182287015e-01,2.264597449100622939e-01,6.821884574236155574e-01,2.760815131121114319e-01,2.838129474423666254e-01,3.114283321459248577e-01,4.703972749249809571e-01,2.397231917302296567e-01,5.244571655404056676e-01,2.997370402169223236e-01,4.809793767865203629e-01,4.118587586727756045e-01,2.647774311782610801e-01,3.880299713729141176e-01,6.212542590884791993e-01,6.162991590273615428e-01,2.654629131181749924e-01,7.233415339596521720e-01,3.932411334489733234e-01,6.980899590216342876e-01,3.375100232994585059e-01,4.232868226494757580e-01,7.366259213301997733e-01,6.508289883223293826e-01,6.558652501383198663e-01,3.305207655359926888e-01,3.570683007621767713e-01,3.238188764039848233e-01,3.873373022165506607e-01,3.249233410111305176e-01,5.193400645098761315e-01,6.155409782842696798e-01,3.277198832306731924e-01,2.791423927016719042e-01,2.750532662492902736e-01,6.267024924356267013e-01,2.069559112113950050e-01,5.595630030627097851e-01,6.323264785936762999e-01
6.084348827907255508e-01,5.067914870108466419e-01,5.044618427029372576e-01,4.883793139705193131e-01,5.828873133485579228e-01,5.724639624249434622e-01,5.567553077092471936e-01,4.109264688369732577e-01,5.107021576084230796e-01,5.955673871962945398e-01,1.000000000000000000e+00,5.037293265035692746e-01,5.427582657791364396e-01,4.186945488902946155e-01,5.520226707241493447e-01,4.793959360323510333e-01,2.688847976170372633e-01,3.826053355012771773e-01,5.304256114211838291e-01,5.507963817575884935e-01,3.871489449102393232e-01,4.848589518379395891e-01,5.116423351050096713e-01,4.789795708717247136e-01,4.378047007879787844e-01,3.664146972002610969e-01,6.559973275598376397e-01,5.480472002349530136e-01,5.191604544417257605e-01,5.282488145885452235e-01,3.813798174275463415e-01,5.002664461317638533e-01,5.858589574996544425e-01,5.854909403637739151e-01,4.835888559726080893e-01,3.513685225658683686e-01,4.765033674798112018e-01,4.122458084821855051e-01,5.608030275138656817e-01,4.479397710346951778e-01,4.881611198355885750e-01,5.503542350263695981e-01,5.488349373796644892e-01,4.014997617452575329e-01,5.055207942406924060e-01,3.723081862804009101e-01,5.914231699373856399e-01,5.416504986780797948e-01,5.043919588238748863e-01,4.840438395600047961e-01,4.855040109713148477e-01,3.729180557352688719e-01,5.958183717397730339e-01,4.990833233315111750e-01,4.697698472877340770e-01,2.232163569058987496e-01,4.796579254813529980e-01,3.703276383067858890e-01,4.878960942058975792e-01,4.082384668063124278e-01,2.538305134024177456e-01,5.583022798281680465e-01,1.870583530619482071e-01,5.518178983371428981e-01,2.169602719588710760e-01,2.278597952690682160e-01,2.390718309580067702e-01,3.056661097821901651e-01,1.704605032237441753e-01,3.769108288251067918e-01,2.201547652131677357e-01,3.461546517936494038e-01,3.385819982450804511e-01,2.098674444260497374e-01,3.297936881445921453e-01,4.585857338487179802e-01,5.359596590632111912e-01,2.231530512465450533e-01,5.547846240735504475e-01,2.914329042958333504e-01,5.088696022414428421e-01,2.616998005905106783e-01,3.877652830240180259e-01,5.899130403067820438e-01,5.345299702722500212e-01,4.695341208473537420e-01,2.519641036809453505e-01,2.643699512187697720e-01,2.305384329092633744e-01,2.997998785330152072e-01,2.209411366249116881e-01,3.762109710365021398e-01,4.874207016495272771e-01,2.691934761955860345e-01,2.213540528837521504e-01,2.145995776625029272e-01,4.767588670517539096e-01,1.509900458845388760e-01,4.678770688679049217e-01,4.769485773025299302e-01
6.334918693672315637e-01,5.095015804567786244e-01,5.063486436637946175e-01,5.988368496707130451e-01,5.388470145925290389e-01,5.543146506413261232e-01,5.684740108596344488e-01,3.837497509208097068e-01,5.043676738851057273e-01,6.720522692479530269e-01,5.037293265035692746e-01,1.000000000000000000e+00,6.023675146047479112e-01,4.205711068645875961e-01,5.784914037912329832e-01,5.092354336090673117e-01,3.502145504014603783e-01,5.964265226955013377e-01,5.993770987434439146e-01,5.686267397903073118e-01,4.199202489388383919e-01,5.223841698309382720e-01,5.394173256828627139e-01,6.163883848369814400e-01,4.947870014475657663e-01,4.471062360699898375e-01,5.278380512474117880e-01,5.568218274609638696e-01,4.793846883361408961e-01,5.359294502426923401e-01,3.867841133154193978e-01,5.822571254304694799e-01,6.643094992726471526e-01,6.938653096120471764e-01,5.502609963830386031e-01,3.547686424251148551e-01,5.678096504471985551e-01,4.879304405848849946e-01,5.619054860354224523e-01,4.771156707207830361e-01,5.139244332985630770e-01,5.689595212411161507e-01,5.586991787480924954e-01,4.736302825726543819e-01,4.004932369212328980e-01,5.340499178593370866e-01,6.271180447764367338e-01,5.763141664670035080e-01,5.038144837085770655e-01,5.344437288288091947e-01,5.684176124156227194e-01,4.543089051115156152e-01,6.393190058510325180e-01,4.865595120641165172e-01,4.966786720672665134e-01,2.692689926619290519e-01,5.422205947251499403e-01,3.582748184908580713e-01,5.385182459922223108e-01,4.306461899118456116e-01,2.369018308180822208e-01,5.558024306842205275e-01,1.561063651423985621e-01,5.820652786370231757e-01,2.307418144125836512e-01,2.333501553334508261e-01,2.377917574864382988e-01,5.063583044248071152e-01,1.605034965812882353e-01,4.229707625880208544e-01,2.553870129454934301e-01,4.115860768641968481e-01,3.569391578994526859e-01,2.037284789963892395e-01,3.537122751663804854e-01,4.620066161238018387e-01,4.797045134529770993e-01,2.244259981154215489e-01,6.161273231398908257e-01,3.129925303866023523e-01,6.349456586775005240e-01,2.758933457972707060e-01,3.311150172010664527e-01,6.434996987707612970e-01,5.384136929372848046e-01,5.186843772823382936e-01,2.543464828620264906e-01,2.992784221816025547e-01,2.784555196897044449e-01,3.438993878167616036e-01,2.904668837774542212e-01,3.895989469087647317e-01,5.025705566013722869e-01,2.556410911082351300e-01,1.976285056679753793e-01,2.197376328048460670e-01,4.984287952651310638e-01,1.570215999754764058e-01,4.576498288043521212e-01,5.590109357555101965e-01
7.248942554351076595e-01,6.013475581720604257e-01,5.865922376343220002e-01,5.619459515216707057e-01,6.197786929104874831e-01,6.689765054459463345e-01,6.988211827156225464e-01,5.075153792108793027e-01,6.629671332434651232e-01,7.189654227006591070e-01,5.427582657791364396e-01,6.023675146047479112e-01,1.000000000000000000e+00,4.823427984884036124e-01,6.436438239680248863e-01,5.972002235350534205e-01,3.808048667111328389e-01,5.427930685918895826e-01,6.528178440385188352e-01,6.941193607025355483e-01,5.833781814405138988e-01,5.793989349281898349e-01,6.496231953467263009e-01,6.483097749644342045e-01,6.026823996656425209e-01,5.030548270225911889e-01,6.163877448419984306e-01,6.665825066480071115e-01,5.725322311157765576e-01,6.287474990948613840e-01,4.124143302328339700e-01,7.016203625567017932e-01,7.370051705092932615e-01,7.431896909418344022e-01,6.032210992122496451e-01,4.067458492890335120e-01,6.472193367888974258e-01,5.283777367998189201e-01,6.567985568381883299e-01,6.168459860353647795e-01,6.184838864142558901e-01,6.573100348177718377e-01,6.645049335920817368e-01,5.560692161782203602e-01,4.806934162101956232e-01,5.165829031781050684e-01,7.467293180429473987e-01,6.686492434436321908e-01,5.800371484678955580e-01,6.044578496580259586e-01,6.104681099104226627e-01,5.184253108018510581e-01,7.213669017757853297e-01,5.768103805407631679e-01,6.098028327566840101e-01,3.350678941539508293e-01,5.647416756760138545e-01,5.054318505711570264e-01,6.939984995692132230e-01,5.263252541424070508e-01,2.756229848108642244e-01,6.493402291372583068e-01,1.933047608687400443e-01,6.280945449179499152e-01,2.589579745208723249e-01,2.891820805719139131e-01,3.135059201698423559e-01,4.522588763141099366e-01,2.874517062196281780e-01,5.783703342643967682e-01,2.526472037864951337e-01,4.512300418424706749e-01,4.187905817087124172e-01,2.419367233371641779e-01,3.714383145846273937e-01,6.260104473520019530e-01,5.933399286069407363e-01,2.602755583292757358e-01,7.050613702664660920e-01,3.880119782172294918e-01,6.443987432296955919e-01,2.790793604833288200e-01,3.654545466414164112e-01,6.976519942490995163e-01,5.915704496334006635e-01,6.537212625413565403e-01,2.934710125547400628e-01,3.166137914350347082e-01,3.235385956225538262e-01,4.082834317711367400e-01,2.945293916135062751e-01,4.553473401484053884e-01,6.702847581479918215e-01,3.054379043661653581e-01,2.392419801423038839e-01,2.641894325615787853e-01,5.892638771351922378e-01,2.030457203406549616e-01,4.956775834759604704e-01,6.077103631037800158e-01
5.978051040751093392e-01,5.708587026901591477e-01,4.775781069347646013e-01,6.227467652036048351e-01,4.963291297096500965e-01,5.085053037473389326e-01,5.198271785289702018e-01,4.126156652659961344e-01,4.830643008773792269e-01,5.221361742085605107e-01,4.186945488902946155e-01,4.205711068645875961e-01,4.823427984884036124e-01,1.000000000000000000e+00,5.687863114271591858e-01,4.894454035720333662e-01,2.779346900291447819e-01,3.795183123582438478e-01,5.320661059142033356e-01,4.865390629346980633e-01,4.011502248780088875e-01,5.449006986423057253e-01,4.993750897591669458e-01,4.524841611131756314e-01,3.985048454936631623e-01,3.193790170426062391e-01,4.250381361408743230e-01,5.233896846084326038e-01,5.131971203370069290e-01,4.706790075351076630e-01,3.232888535898367777e-01,4.713301262057995045e-01,5.862000840415986236e-01,6.027388297226641267e-01,5.120053700656961304e-01,2.872607086268251786e-01,4.793719267263439887e-01,4.198732279784229693e-01,5.278121729016528318e-01,4.470479111627430613e-01,4.621908525162495285e-01,4.763064679284204628e-01,5.246705480132866084e-01,3.641922466445652873e-01,4.236220025046686932e-01,3.453475092076114805e-01,5.314696089510801968e-01,4.982562671626586948e-01,4.386226514449564906e-01,4.710421994200955642e-01,5.328242103457275780e-01,4.387741366546494826e-01,5.717927638301218973e-01,4.593307265736550349e-01,6.061199123265452737e-01,3.118388912204582697e-01,4.423251682019737063e-01,3.442030734071998554e-01,5.654290551080803917e-01,4.832026740884248772e-01,2.371900028923593362e-01,5.099536032848364098e-01,2.146457969289613521e-01,5.096246998648279458e-01,1.746663632317730364e-01,1.969243363925146928e-01,2.358758011700046175e-01,2.795169657529986140e-01,2.429030130643864971e-01,4.412706621543294738e-01,1.830906040893787723e-01,3.094917150237672110e-01,2.642721299449054539e-01,1.597598674433146071e-01,3.137377042946929984e-01,5.428757128045492708e-01,5.024383066829363198e-01,1.876732887628286550e-01,5.638250808045427442e-01,2.801721443263099909e-01,5.027091428882765056e-01,3.058028968507842116e-01,2.589410769766830045e-01,5.198695810667027795e-01,4.350473646635369396e-01,5.768326054995046581e-01,2.719338538366393165e-01,2.955880542321895899e-01,2.005087457401595885e-01,3.373508605174963537e-01,1.915186413790650743e-01,3.387543304023835633e-01,5.539360251330797125e-01,2.011812676890389340e-01,2.036415718475591552e-01,2.009238447621038981e-01,5.063030581570584499e-01,1.837577023568482959e-01,3.642779529361978019e-01,4.600548489530262297e-01
8.715909024219914425e-01,5.955752072921475238e-01,6.553488983547646196e-01,6.274627655997264686e-01,6.945449352950595623e-01,6.621011164808912053e-01,6.989971252983546712e-01,5.608103649769320409e-01,5.724749799569951447e-01,7.259185016055355044e-01,5.520226707241493447e-01,5.784914037912329832e-01,6.436438239680248863e-01,5.687863114271591858e-01,1.000000000000000000e+00,6.290106852090642242e-01,3.583796649654622524e-01,5.466977123076959266e-01,6.850323386569633355e-01,6.556076912053550032e-01,4.934949482098214268e-01,6.079307934769844213e-01,6.319046487266143375e-01,6.167954258774602794e-01,5.782942386438705284e-01,4.797492148604338702e-01,5.540922874639356843e-01,7.748085035179567148e-01,6.187357189410623848e-01,6.055572274691162216e-01,4.337370223685033110e-01,6.660201366776976606e-01,7.729196180270584415e-01,7.456241279679787226e-01,6.530450982858199138e-01,4.257891022051367713e-01,6.769635832320720636e-01,5.121406839326415605e-01,7.538581134153526930e-01,5.466473776985257826e-01,6.371908594612938348e-01,6.760553781214181379e-01,7.771242407667163787e-01,5.556920648328739221e-01,4.506383073317586918e-01,4.682535319627710302e-01,7.275254758609035477e-01,6.796012689600244849e-01,5.699413001507198651e-01,5.918419973766539943e-01,6.716500933540725526e-01,5.004401661370498910e-01,7.567061119085554122e-01,5.579501126888958273e-01,6.280777041543930128e-01,3.395415785150248111e-01,5.859414011888363083e-01,4.117577934012689456e-01,6.589383176745556847e-01,7.152929854357514827e-01,2.983031194584586654e-01,6.506600809449765155e-01,2.298645781425091572e-01,6.870265140888798250e-01,2.596507599742009509e-01,2.673666019791002824e-01,3.045353620964481034e-01,3.804666487021965970e-01,2.607434355578779339e-01,5.249270863637149898e-01,2.490099637633547969e-01,4.271980197786841016e-01,3.678317274279732652e-01,2.438194214670054705e-01,3.815206549756754439e-01,6.168310588012333451e-01,6.040698525328114243e-01,2.507641905979466901e-01,7.100531352314898292e-01,3.893616359739739408e-01,6.333504272738798013e-01,3.243938900893401089e-01,3.448023458559429932e-01,7.025604097516777724e-01,6.181766791575271647e-01,6.668538758565474289e-01,3.211593432460841391e-01,3.632325163011249636e-01,3.051431424909627488e-01,4.050249980126462979e-01,3.346956087844010219e-01,4.728139592009880099e-01,6.262716289520631197e-01,3.197257382908892387e-01,2.568917470615761367e-01,2.723399685803473136e-01,6.456072976877790248e-01,2.189684384710484100e-01,5.373639682465086720e-01,6.302582592902921110e-01
6.467724652088782111e-01,5.496668973639795563e-01,5.181501577684551885e-01,4.972563434263287951e-01,5.813412211112808370e-01,5.456408529326433055e-01,5.631413166885921306e-01,4.279672902645575427e-01,5.073363712671058456e-01,6.434165790757256920e-01,4.793959360323510333e-01,5.092354336090673117e-01,5.972002235350534205e-01,4.894454035720333662e-01,6.290106852090642242e-01,1.000000000000000000e+00,3.566432206642105029e-01,4.716586282746700332e-01,5.530909621991267899e-01,5.814364512338798807e-01,4.681933303254254830e-01,5.653774082791205302e-01,6.146917234114741557e-01,5.345186849781839999e-01,4.939289245418156393e-01,4.636906444467003285e-01,5.152117651467992276e-01,6.043561886480460776e-01,4.671138092183034773e-01,4.963673993340554924e-01,3.616842435026892399e-01,6.523775385321327613e-01,6.715196896440674967e-01,6.491763995623147654e-01,5.644394132316260526e-01,5.585059116766036835e-01,6.680809124831827983e-01,4.488528674177919564e-01,5.996194011161087856e-01,5.425480910591019557e-01,5.140389064069643688e-01,7.162888269905849370e-01,6.060256298330501945e-01,4.423065330187266331e-01,3.985050293804943689e-01,4.690579277758680776e-01,7.065993904085446919e-01,5.731525564869837108e-01,5.045472546791085477e-01,4.821248084851261217e-01,5.679561452569712454e-01,5.018725176317101466e-01,6.206687884045050119e-01,5.473806184381529993e-01,5.066795725937166539e-01,3.292193009445299468e-01,5.243599775947906938e-01,3.680033314569702840e-01,6.228760374644140008e-01,5.009245428869841810e-01,2.994702524517540154e-01,5.386669565235120416e-01,2.055012125421846469e-01,5.783379047288673691e-01,2.851951987024993751e-01,3.067080664044226079e-01,2.981796315740322112e-01,3.951158315133250221e-01,2.321006190407181036e-01,4.501570397939179125e-01,2.651044441963587572e-01,3.767005868689042858e-01,3.514115621672077583e-01,2.535173225605527603e-01,3.664754857551156819e-01,5.468097581244304450e-01,5.375749359039123654e-01,2.555082015971529841e-01,6.549399664465362925e-01,3.755082839479143564e-01,5.516594868029767174e-01,2.943431547050592290e-01,3.244111935234312294e-01,6.152574090527775930e-01,5.329449411494576738e-01,5.695098645709163465e-01,3.220613799689502899e-01,3.967117073559861540e-01,3.041636808425386973e-01,3.201435156416005401e-01,3.392472073763353468e-01,5.018141625713218312e-01,5.199928104517902439e-01,3.116119259105163408e-01,3.433621876332031975e-01,2.749720415210726854e-01,5.409757825960959110e-01,1.777049148674454682e-01,4.127348088326958653e-01,6.260151995112361867e-01
