{
 "cells": [
  {
   "cell_type": "code",
   "execution_count": 5,
   "metadata": {},
   "outputs": [],
   "source": [
    "import subprocess\n",
    "import io\n",
    "import fetch_data as fd\n",
    "import numpy as np\n",
    "\n",
    "\n",
    "categories = ['earn','crude']\n",
    "numberOfTraining = [10,10]\n",
    "numberOfTesting = [7,2]\n",
    "\n",
    "\n",
    "trainData,trainLabels, testData,testLabel = fd.loadData(categories,numberOfTraining,numberOfTesting)\n",
    "# from subprocess import Popen, PIPE, STDOUT\n",
    "\n",
    "# Compile the fast_recursive_kernel\n",
    "test = subprocess.Popen([\"g++\",\"fast_recursive_kernel.cpp\",\"-o\",\"fast_recursive_kernel.out\"], stdout=subprocess.PIPE)\n",
    "output_compile = test.communicate()[0]\n",
    "# print(output_compile.decode('ascii'))\n",
    "\n",
    "\n",
    "def parseMatrix(matrix):\n",
    "    num_rows = int(matrix[0])\n",
    "    num_cols = int(matrix[1])\n",
    "    K = np.zeros([num_rows,num_cols])\n",
    "    counter = 2\n",
    "    for i in range(num_rows):\n",
    "        for j in range(num_cols):\n",
    "            K[i,j] = float(matrix[counter])\n",
    "            counter = counter + 1\n",
    "    return K"
   ]
  },
  {
   "cell_type": "code",
   "execution_count": 6,
   "metadata": {},
   "outputs": [],
   "source": [
    "# Test fast_recursive_kernel\n",
    "n = 2\n",
    "l = 0.5\n",
    "\n",
    "def marcus_recursive_kernel(s,t,n,l):\n",
    "    the_strings = b''\n",
    "    the_args = bytes(str(len(s)),'ascii')+ b' ' + bytes(str(len(t)),'ascii')+ b' '\n",
    "    for i in s:\n",
    "        the_strings = the_strings + bytes(i,'ascii')\n",
    "        the_args = the_args + bytes(str(len(i)),'ascii') + b' '\n",
    "    for i in t:\n",
    "        the_strings = the_strings + bytes(i,'ascii')\n",
    "        the_args = the_args + bytes(str(len(i)),'ascii') + b' '\n",
    "    the_args = the_args + bytes(str(n), 'ascii')+ b' ' + bytes(str(l), 'ascii')\n",
    "    fast_kernel = subprocess.Popen([\"./fast_recursive_kernel.out\"], stdin=subprocess.PIPE, stdout=subprocess.PIPE)\n",
    "    output_test = fast_kernel.communicate(input=b'1 '+the_args+the_strings)[0]\n",
    "    output_test_list = output_test.decode('utf-8').split()\n",
    "    K = parseMatrix(output_test_list)\n",
    "    return K\n",
    "\n",
    "K = marcus_recursive_kernel(trainData,trainData,n,l)\n"
   ]
  },
  {
   "cell_type": "code",
   "execution_count": 10,
   "metadata": {},
   "outputs": [
    {
     "name": "stdout",
     "output_type": "stream",
     "text": [
      "7.6 s ± 115 ms per loop (mean ± std. dev. of 7 runs, 1 loop each)\n"
     ]
    }
   ],
   "source": [
    "%timeit marcus_recursive_kernel(trainData,trainData,5,l)"
   ]
  },
  {
   "cell_type": "code",
   "execution_count": 7,
   "metadata": {},
   "outputs": [
    {
     "name": "stdout",
     "output_type": "stream",
     "text": [
      "[[ 1.          0.6298942   0.59103979  0.76254216  0.60082857  0.52362418\n",
      "   0.76392863  0.67396455  0.47040547  0.81713632  0.45916014  0.75342122\n",
      "   0.81265395  0.5445702   0.70009494  0.71414453  0.27579864  0.73925103\n",
      "   0.72214739  0.77579749]\n",
      " [ 0.6298942   1.          0.6452375   0.63146551  0.53402018  0.7877384\n",
      "   0.50737407  0.81291982  0.88093318  0.66147496  0.47261162  0.61243066\n",
      "   0.60610604  0.55728187  0.56797623  0.60817103  0.22297053  0.58745533\n",
      "   0.58674142  0.58212458]\n",
      " [ 0.59103979  0.6452375   1.          0.64315049  0.55412792  0.56031133\n",
      "   0.49586927  0.6180585   0.60154527  0.61651005  0.42166653  0.54856985\n",
      "   0.5859281   0.52252272  0.51938264  0.5863897   0.23316702  0.57656934\n",
      "   0.51430811  0.56931677]\n",
      " [ 0.76254216  0.63146551  0.64315049  1.          0.57968236  0.5470677\n",
      "   0.66785327  0.68611083  0.54857958  0.78173585  0.47287187  0.74826831\n",
      "   0.78503169  0.6258081   0.67833404  0.70358177  0.32178909  0.75015512\n",
      "   0.71757202  0.74671689]\n",
      " [ 0.60082857  0.53402018  0.55412792  0.57968236  1.          0.5548156\n",
      "   0.61716577  0.63391495  0.505825    0.65570786  0.54572837  0.65736613\n",
      "   0.62446126  0.57195392  0.61525782  0.60790559  0.10508071  0.63062923\n",
      "   0.6383225   0.62248726]\n",
      " [ 0.52362418  0.7877384   0.56031133  0.5470677   0.5548156   1.\n",
      "   0.46111469  0.861203    0.79741587  0.63749453  0.61979792  0.61030142\n",
      "   0.57234249  0.52069844  0.60974706  0.62551163  0.1187655   0.56843739\n",
      "   0.54611483  0.58818701]\n",
      " [ 0.76392863  0.50737407  0.49586927  0.66785327  0.61716577  0.46111469\n",
      "   1.          0.59390377  0.42374846  0.70427908  0.52020289  0.66787362\n",
      "   0.72159846  0.57233894  0.6058859   0.63820669  0.17376341  0.64738737\n",
      "   0.65025576  0.69613901]\n",
      " [ 0.67396455  0.81291982  0.6180585   0.68611083  0.63391495  0.861203\n",
      "   0.59390377  1.          0.75345068  0.80242493  0.63877343  0.78805893\n",
      "   0.74692669  0.64353841  0.72700645  0.71698374  0.23943064  0.72722638\n",
      "   0.75267601  0.72836656]\n",
      " [ 0.47040547  0.88093318  0.60154527  0.54857958  0.505825    0.79741587\n",
      "   0.42374846  0.75345068  1.          0.53548265  0.48143163  0.50014672\n",
      "   0.50035248  0.48023618  0.50094697  0.50629382  0.11688757  0.50248342\n",
      "   0.48381626  0.51778449]\n",
      " [ 0.81713632  0.66147496  0.61651005  0.78173585  0.65570786  0.63749453\n",
      "   0.70427908  0.80242493  0.53548265  1.          0.62870858  0.89873701\n",
      "   0.92514824  0.65944563  0.85460719  0.83593031  0.29541059  0.86855521\n",
      "   0.88586394  0.89026027]\n",
      " [ 0.45916014  0.47261162  0.42166653  0.47287187  0.54572837  0.61979792\n",
      "   0.52020289  0.63877343  0.48143163  0.62870858  1.          0.59504256\n",
      "   0.58668122  0.48669965  0.64481012  0.63404234  0.06638905  0.61269455\n",
      "   0.58066233  0.61242749]\n",
      " [ 0.75342122  0.61243066  0.54856985  0.74826831  0.65736613  0.61030142\n",
      "   0.66787362  0.78805893  0.50014672  0.89873701  0.59504256  1.\n",
      "   0.88659747  0.63031538  0.82134866  0.81234635  0.22316455  0.86736753\n",
      "   0.90426437  0.87596669]\n",
      " [ 0.81265395  0.60610604  0.5859281   0.78503169  0.62446126  0.57234249\n",
      "   0.72159846  0.74692669  0.50035248  0.92514824  0.58668122  0.88659747\n",
      "   1.          0.64216488  0.83125975  0.80953474  0.33544052  0.88710272\n",
      "   0.87299946  0.92823585]\n",
      " [ 0.5445702   0.55728187  0.52252272  0.6258081   0.57195392  0.52069844\n",
      "   0.57233894  0.64353841  0.48023618  0.65944563  0.48669965  0.63031538\n",
      "   0.64216488  1.          0.56065787  0.5549453   0.21575815  0.63110666\n",
      "   0.64424829  0.61634631]\n",
      " [ 0.70009494  0.56797623  0.51938264  0.67833404  0.61525782  0.60974706\n",
      "   0.6058859   0.72700645  0.50094697  0.85460719  0.64481012  0.82134866\n",
      "   0.83125975  0.56065787  1.          0.75490703  0.25980318  0.75668047\n",
      "   0.77236373  0.83923773]\n",
      " [ 0.71414453  0.60817103  0.5863897   0.70358177  0.60790559  0.62551163\n",
      "   0.63820669  0.71698374  0.50629382  0.83593031  0.63404234  0.81234635\n",
      "   0.80953474  0.5549453   0.75490703  1.          0.15396665  0.80560504\n",
      "   0.75726511  0.81384639]\n",
      " [ 0.27579864  0.22297053  0.23316702  0.32178909  0.10508071  0.1187655\n",
      "   0.17376341  0.23943064  0.11688757  0.29541059  0.06638905  0.22316455\n",
      "   0.33544052  0.21575815  0.25980318  0.15396665  1.          0.241851\n",
      "   0.2562198   0.28918293]\n",
      " [ 0.73925103  0.58745533  0.57656934  0.75015512  0.63062923  0.56843739\n",
      "   0.64738737  0.72722638  0.50248342  0.86855521  0.61269455  0.86736753\n",
      "   0.88710272  0.63110666  0.75668047  0.80560504  0.241851    1.\n",
      "   0.84613873  0.87229408]\n",
      " [ 0.72214739  0.58674142  0.51430811  0.71757202  0.6383225   0.54611483\n",
      "   0.65025576  0.75267601  0.48381626  0.88586394  0.58066233  0.90426437\n",
      "   0.87299946  0.64424829  0.77236373  0.75726511  0.2562198   0.84613873\n",
      "   1.          0.85388399]\n",
      " [ 0.77579749  0.58212458  0.56931677  0.74671689  0.62248726  0.58818701\n",
      "   0.69613901  0.72836656  0.51778449  0.89026027  0.61242749  0.87596669\n",
      "   0.92823585  0.61634631  0.83923773  0.81384639  0.28918293  0.87229408\n",
      "   0.85388399  1.        ]]\n"
     ]
    }
   ],
   "source": [
    "print(K)"
   ]
  },
  {
   "cell_type": "code",
   "execution_count": null,
   "metadata": {},
   "outputs": [],
   "source": []
  },
  {
   "cell_type": "code",
   "execution_count": null,
   "metadata": {},
   "outputs": [],
   "source": []
  }
 ],
 "metadata": {
  "kernelspec": {
   "display_name": "Python 3",
   "language": "python",
   "name": "python3"
  },
  "language_info": {
   "codemirror_mode": {
    "name": "ipython",
    "version": 3
   },
   "file_extension": ".py",
   "mimetype": "text/x-python",
   "name": "python",
   "nbconvert_exporter": "python",
   "pygments_lexer": "ipython3",
   "version": "3.5.4"
  }
 },
 "nbformat": 4,
 "nbformat_minor": 2
}
